5
7
9
12
19
26
37
52
104
125
150
179
233
397
476
571
685
891
1515
1818
2000
2200
2640
3431
3775
4152
4983
6477
9716
10202
11018
12120
13938
16725
17561
18966
20863
23992
33589
34597
36327
39233
43156
51787
53341
56008
60489
66538
93153
95016
97866
102759
110980
133176
135840
139915
146911
158664
222129
226572
233369
245037
264640
304336
310423
319735
335722
369294
517012
527353
543173
559468
576252
633878
652894
672481
692655
713435
998809
1018785
1049348
1080829
1134870
1305101
1370356
1438874
1510817
1586358
1744994
2268492
2381917
2501013
2626063
2757367
3308840
3474282
4342852
6514278
9771418
